0.000047	10
0.000076	10
0.000079	10
0.000080	10
0.000083	10
0.000084	10
0.000086	10
0.000087	10
0.000089	10
0.000090	10
0.000091	10
0.000093	10
0.000095	10
0.000096	10
0.000097	10
0.000098	10
0.000100	10
0.000102	10
0.000103	10
0.000104	10
0.000106	10
0.000107	10
0.000108	10
0.000109	10
0.000112	10
0.000113	10
0.000114	10
0.000115	10
0.000117	10
0.000118	10
0.000119	10
0.000120	10
0.000122	10
0.000124	10
0.000125	10
0.000126	10
0.000128	10
0.000129	10
0.000130	10
0.000131	10
0.000133	10
0.000134	10
0.000135	10
0.000137	10
0.000139	10
0.000140	10
0.000141	10
0.000142	10
0.000144	10
0.000145	10
0.000146	10
0.000147	10
0.000151	10
0.000152	10
0.000153	10
0.000155	10
0.000157	10
0.000158	10
0.000159	10
0.000160	10
0.000162	10
0.000163	10
0.000164	10
0.000165	10
0.000167	10
0.000169	10
0.000170	10
0.000171	10
0.000173	10
0.000174	10
0.000175	10
0.000176	10
0.000178	10
0.000180	10
0.000181	10
0.000182	10
0.000184	10
0.000185	10
0.000186	10
0.000187	10
0.000189	10
0.000190	10
0.000191	10
0.000193	10
0.000195	10
0.000196	10
0.000197	10
0.000198	10
0.000200	10
0.000201	10
0.000202	10
0.000203	10
0.000205	10
0.000207	10
0.000208	10
0.000209	10
0.000211	10
0.000212	10
0.000213	10
0.000214	10
0.000216	10
0.000217	10
0.000218	10
0.000220	10
0.000222	10
0.000223	10
0.000224	10
0.000225	10
0.000228	10
0.000229	10
0.000230	10
0.000231	10
0.000233	10
0.000235	10
0.000236	10
0.000237	10
0.000239	10
0.000240	10
0.000241	10
0.000242	10
0.000244	10
0.000245	10
0.000246	10
0.000247	10
0.000249	10
0.000251	10
0.000252	10
0.000253	10
0.000255	10
0.000256	10
0.000257	10
0.000258	10
0.000260	10
0.000261	10
0.000262	10
0.000264	10
0.000265	10
0.000267	10
0.000268	10
0.000269	10
0.000271	10
0.000272	10
0.000273	10
0.000274	10
0.000276	10
0.000277	10
0.000279	10
0.000280	10
0.000282	10
0.000283	10
0.000284	10
0.000285	10
0.000287	10
0.000288	10
0.000289	10
0.000290	10
0.000292	10
0.000293	10
0.000295	10
0.000296	10
0.000298	10
0.000299	10
0.000300	10
0.000301	10
0.000304	10
0.000305	10
0.000306	10
0.000307	10
0.000309	10
0.000311	10
0.000312	10
0.000313	10
0.000315	10
0.000316	10
0.000317	10
0.000318	10
0.000320	10
0.000322	10
0.000323	10
0.000324	10
0.000326	10
0.000327	10
0.000328	10
0.000329	10
0.000331	10
0.000333	10
0.000334	10
0.000335	10
0.000337	10
0.000338	10
0.000339	10
0.000340	10
0.000342	10
0.000344	10
0.000345	10
0.000346	10
0.000348	10
0.000349	10
0.000350	10
0.000351	10
0.000353	10
0.000354	10
0.000356	10
0.000357	10
0.000359	10
0.000360	10
0.000361	10
0.000362	10
0.000364	10
0.000365	10
0.000366	10
0.000367	10
0.000369	10
0.000371	10
0.000372	10
0.000373	10
0.000375	10
0.000376	10
0.000377	10
0.000378	10
0.000381	10
0.000383	10
0.000384	10
0.000385	10
0.000387	10
0.000388	10
0.000389	10
0.000390	10
0.000392	10
0.000393	10
0.000394	10
0.000396	10
0.000398	10
0.000399	10
0.000400	10
0.000401	10
0.000403	10
0.000404	10
0.000405	10
0.000406	10
0.000408	10
0.000410	10
0.000411	10
0.000412	10
0.000414	10
0.000415	10
0.000416	10
0.000417	10
0.000419	10
0.000420	10
0.000421	10
0.000423	10
0.000425	10
0.000426	10
0.000427	10
0.000428	10
0.000430	10
0.000431	10
0.000432	10
0.000434	10
0.000436	10
0.000437	10
0.000438	10
0.000439	10
0.000441	10
0.000442	10
0.000443	10
0.000444	10
0.000446	10
0.000448	10
0.000449	10
0.000450	10
0.000452	10
0.000453	10
0.000454	10
0.000455	10
0.000458	10
0.000459	10
0.000460	10
0.000461	10
0.000463	10
0.000464	10
0.000465	10
0.000466	10
0.000468	10
0.000470	10
0.000471	10
0.000472	10
0.000474	10
0.000475	10
0.000476	10
0.000477	10
0.000479	10
0.000481	10
0.000482	10
0.000483	10
0.000485	10
0.000486	10
0.000487	10
0.000488	10
0.000490	10
0.000492	10
0.000493	10
0.000494	10
0.000496	10
0.000497	10
0.000498	10
0.000499	10
0.000501	10
0.000502	10
0.000504	10
0.000505	10
0.000507	10
0.000508	10
0.000509	10
0.000510	10
0.000512	10
0.000513	10
0.000514	10
0.000515	10
0.000517	10
0.000519	10
0.000520	10
0.000521	10
0.000523	10
0.000524	10
0.000525	10
0.000526	10
0.000528	10
0.000529	10
0.000530	10
0.000532	10
0.000535	10
0.000536	10
0.000537	10
0.000538	10
0.000540	10
0.000541	10
0.000542	10
0.000543	10
0.000545	10
0.000546	10
0.000588	10
0.000592	10
0.000596	10
0.000598	10
0.000601	10
0.000603	10
0.000607	10
0.000609	10
0.000611	10
0.000614	10
0.000618	10
0.000621	10
0.000623	10
0.000626	10
0.000631	10
0.000632	10
0.000634	10
0.000635	10
0.000637	10
0.000638	10
0.000639	10
0.000640	10
0.000643	10
0.000644	10
0.000645	10
0.000646	10
0.000648	10
0.000649	10
0.000650	10
0.000651	10
0.000653	10
0.000655	10
0.000656	10
0.000657	10
0.000659	10
0.000660	10
0.000661	10
0.000662	10
0.000664	10
0.000665	10
0.000666	10
0.000668	10
0.000670	10
0.000671	10
0.000672	10
0.000673	10
0.000676	10
0.000677	10
0.000678	10
0.000679	10
0.000681	10
0.000683	10
0.000684	10
0.000685	10
0.000687	10
0.000688	10
0.000689	10
0.000690	10
0.000692	10
0.000694	10
0.000695	10
0.000696	10
0.000698	10
0.000699	10
0.000700	10
0.000701	10
0.000703	10
0.000704	10
0.000706	10
0.000707	10
0.000709	10
0.000710	10
0.000711	10
0.000712	10
0.000714	10
0.000715	10
0.000716	10
0.000717	10
0.000719	10
0.000721	10
0.000722	10
0.000723	10
0.000725	10
0.000726	10
0.000727	10
0.000728	10
0.000730	10
0.000732	10
0.000733	10
0.000734	10
0.000736	10
0.000737	10
0.000738	10
0.000739	10
0.000741	10
0.000742	10
0.000743	10
0.000744	10
0.000746	10
0.000748	10
0.000749	10
0.000750	10
0.000753	10
0.000754	10
0.000755	10
0.000756	10
0.000759	10
0.000760	10
0.000761	10
0.000762	10
0.000764	10
0.000765	10
0.000766	10
0.000768	10
0.000770	10
0.000771	10
0.000772	10
0.000773	10
0.000775	10
0.000776	10
0.000777	10
0.000778	10
0.000781	10
0.000782	10
0.000783	10
0.000784	10
0.000786	10
0.000787	10
0.000788	10
0.000789	10
0.000791	10
0.000792	10
0.000793	10
0.000795	10
0.000797	10
0.000798	10
0.000799	10
0.000800	10
0.000802	10
0.000803	10
0.000804	10
0.000805	10
0.000807	10
0.000808	10
0.000810	10
0.000811	10
0.000813	10
0.000814	10
0.000815	10
0.000816	10
0.000818	10
0.000819	10
0.000820	10
0.000821	10
0.000823	10
0.000825	10
0.000826	10
0.000827	10
0.000830	10
0.000831	10
0.000832	10
0.000833	10
0.000835	10
0.000836	10
0.000837	10
0.000838	10
0.000840	10
0.000842	10
0.000843	10
0.000844	10
0.000846	10
0.000847	10
0.000848	10
0.000849	10
0.000851	10
0.000852	10
0.000853	10
0.000854	10
0.000856	10
0.000858	10
0.000859	10
0.000860	10
0.000862	10
0.000863	10
0.000864	10
0.000865	10
0.000867	10
0.000868	10
0.000869	10
0.000871	10
0.000873	10
0.000874	10
0.000875	10
0.000876	10
0.000878	10
0.000879	10
0.000880	10
0.000881	10
0.000883	10
0.000884	10
0.000885	10
0.000887	10
0.000889	10
0.000890	10
0.000891	10
0.000892	10
0.000894	10
0.000895	10
0.000896	10
0.000897	10
0.000899	10
0.000901	10
0.000902	10
0.000903	10
0.000906	10
0.000907	10
0.000908	10
0.000909	10
0.000911	10
0.000912	10
0.000913	10
0.000914	10
0.000916	10
0.000917	10
0.000919	10
0.000920	10
0.000922	10
0.000923	10
0.000924	10
0.000928	10
0.000932	10
0.000935	10
0.000937	10
0.000940	10
0.000944	10
0.000946	10
0.000948	10
0.000950	10
0.000955	10
0.000959	10
0.000960	10
0.000962	10
0.000964	10
0.000965	10
0.000966	10
0.000967	10
0.000970	10
0.000971	10
0.000972	10
0.000973	10
0.000975	10
0.000976	10
0.000977	10
0.000979	10
0.000981	10
0.000982	10
0.000983	10
0.000984	10
0.000987	10
0.000988	10
0.000989	10
0.000990	10
0.000992	10
0.000994	10
0.000995	10
0.000996	10
0.000998	10
0.000999	10
0.001000	10
0.001001	10
0.001004	10
0.001006	10
0.001007	10
0.001008	10
0.001010	10
0.001011	10
0.001012	10
0.001014	10
0.001016	10
0.001017	10
0.001018	10
0.001019	10
0.001021	10
0.001022	10
0.001023	10
0.001025	10
0.001027	10
0.001028	10
0.001029	10
0.001030	10
0.001032	10
0.001033	10
0.001035	10
0.001036	10
0.001038	10
0.001039	10
0.001040	10
0.001041	10
0.001043	10
0.001044	10
0.001046	10
0.001047	10
0.001049	10
0.001050	10
0.001051	10
0.001052	10
0.001054	10
0.001056	10
0.001057	10
0.001058	10
0.001060	10
0.001061	10
0.001062	10
0.001063	10
0.001065	10
0.001066	10
0.001068	10
0.001069	10
0.001071	10
0.001072	10
0.001073	10
0.001074	10
0.001076	10
0.001077	10
0.001079	10
0.001080	10
0.001083	10
0.001084	10
0.001085	10
0.001086	10
0.001088	10
0.001089	10
0.001090	10
0.001092	10
0.001094	10
0.001095	10
0.001096	10
0.001097	10
0.001099	10
0.001100	10
0.001101	10
0.001115	10
0.001119	10
0.001120	10
0.001121	10
0.001123	10
0.001125	10
0.001126	10
0.001127	10
0.001128	10
0.001131	10
0.001132	10
0.001133	10
0.001134	10
0.001136	10
0.001138	10
0.001139	10
0.001140	10
0.001142	10
0.001144	10
0.001145	10
0.001146	10
0.001148	10
0.001149	10
0.001150	10
0.001151	10
0.001154	10
0.001155	10
0.001156	10
0.001157	10
0.001159	10
0.001160	10
0.001161	10
0.001163	10
0.001165	10
0.001166	10
0.001167	10
0.001168	10
0.001170	10
0.001172	10
0.001173	10
0.001174	10
0.001177	10
0.001178	10
0.001179	10
0.001181	10
0.001183	10
0.001184	10
0.001185	10
0.001186	10
0.001188	10
0.001189	10
0.001190	10
0.001192	10
0.001194	10
0.001195	10
0.001196	10
0.001197	10
0.001199	10
0.001200	10
0.001202	10
0.001203	10
0.001205	10
0.001206	10
0.001207	10
0.001208	10
0.001210	10
0.001212	10
0.001213	10
0.001214	10
0.001216	10
0.001217	10
0.001219	10
0.001220	10
0.001222	10
0.001223	10
0.001224	10
0.001225	10
0.001227	10
0.001229	10
0.001230	10
0.001231	10
0.001233	10
0.001234	10
0.001236	10
0.001237	10
0.001239	10
0.001240	10
0.001241	10
0.001242	10
0.001244	10
0.001246	10
0.001247	10
0.001248	10
0.001250	10
0.001251	10
0.001252	10
0.001254	10
0.001257	10
0.001258	10
0.001259	10
0.001260	10
0.001262	10
0.001264	10
0.001265	10
0.001266	10
0.001268	10
0.001269	10
0.001270	10
0.001271	10
0.001273	10
0.001275	10
0.001276	10
0.001277	10
0.001279	10
0.001280	10
0.001281	10
0.001282	10
0.001285	10
0.001286	10
0.001287	10
0.001288	10
0.001290	10
0.001291	10
0.001292	10
0.001294	10
0.001296	10
0.001297	10
0.001298	10
0.001299	10
0.001301	10
0.001303	10
0.001304	10
0.001305	10
0.001307	10
0.001308	10
0.001309	10
0.001310	10
0.001313	10
0.001314	10
0.001315	10
0.001316	10
0.001318	10
0.001320	10
0.001321	10
0.001322	10
0.001324	10
0.001325	10
0.001326	10
0.001327	10
0.001329	10
0.001331	10
0.001332	10
0.001333	10
0.001336	10
0.001337	10
0.001338	10
0.001339	10
0.001341	10
0.001343	10
0.001344	10
0.001345	10
0.001347	10
0.001348	10
0.001349	10
0.001350	10
0.001352	10
0.001354	10
0.001355	10
0.001356	10
0.001358	10
0.001359	10
0.001360	10
0.001361	10
0.001363	10
0.001365	10
0.001366	10
0.001367	10
0.001369	10
0.001370	10
0.001371	10
0.001372	10
0.001375	10
0.001376	10
0.001377	10
0.001378	10
0.001380	10
0.001381	10
0.001383	10
0.001384	10
0.001386	10
0.001387	10
0.001388	10
0.001389	10
0.001391	10
0.001393	10
0.001394	10
0.001395	10
0.001397	10
0.001398	10
0.001399	10
0.001400	10
0.001402	10
0.001404	10
0.001405	10
0.001406	10
0.001408	10
0.001409	10
0.001410	10
0.001412	10
0.001415	10
0.001416	10
0.001417	10
0.001418	10
0.001420	10
0.001421	10
0.001423	10
0.001424	10
0.001426	10
0.001427	10
0.001428	10
0.001429	10
0.001431	10
0.001433	10
0.001434	10
0.001435	10
0.001437	10
0.001438	10
0.001439	10
0.001440	10
0.001442	10
0.001444	10
0.001445	10
0.001446	10
0.001448	10
0.001449	10
0.001450	10
0.001451	10
0.001453	10
0.001455	10
0.001456	10
0.001457	10
0.001459	10
0.001460	10
0.001461	10
0.001462	10
0.001464	10
0.001466	10
0.001467	10
0.001468	10
0.001470	10
0.001471	10
0.001472	10
0.001473	10
0.001475	10
0.001477	10
0.001478	10
0.001479	10
0.001481	10
0.001482	10
0.001483	10
0.001484	10
0.001486	10
0.001488	10
0.001489	10
0.001490	10
0.001493	10
0.001494	10
0.001495	10
0.001497	10
0.001499	10
0.001500	10
0.001501	10
0.001502	10
0.001504	10
0.001505	10
0.001507	10
0.001508	10
0.001510	10
0.001511	10
0.001512	10
0.001513	10
0.001515	10
0.001516	10
0.001517	10
0.001519	10
0.001521	10
0.001522	10
0.001523	10
0.001524	10
0.001526	10
0.001527	10
0.001529	10
0.001530	10
0.001532	10
0.001533	10
0.001534	10
0.001535	10
0.001537	10
0.001538	10
0.001540	10
0.001541	10
0.001543	10
0.001544	10
0.001545	10
0.001546	10
0.001548	10
0.001550	10
0.001551	10
0.001552	10
0.001554	10
0.001555	10
0.001556	10
0.001557	10
0.001559	10
0.001560	10
0.001561	10
0.001563	10
0.001565	10
0.001566	10
0.001567	10
0.001568	10
0.001571	10
0.001572	10
0.001573	10
0.001574	10
0.001576	10
0.001578	10
0.001579	10
0.001580	10
0.001582	10
0.001583	10
0.001584	10
0.001585	10
0.001587	10
0.001589	10
0.001590	10
0.001591	10
0.001593	10
0.001594	10
0.001596	10
0.001597	10
0.001599	10
0.001609	10
0.001611	10
0.001613	10
0.001615	10
0.001616	10
0.001618	10
0.001619	10
0.001621	10
0.001622	10
0.001623	10
0.001624	10
0.001627	10
0.001628	10
0.001629	10
0.001630	10
0.001632	10
0.001634	10
0.001635	10
0.001636	10
0.001638	10
0.001639	10
0.001640	10
0.001642	10
0.001644	10
0.001645	10
0.001646	10
0.001647	10
0.001649	10
0.001650	10
0.001652	10
0.001653	10
0.001655	10
0.001656	10
0.001657	10
0.001658	10
0.001662	10
0.001663	10
0.001664	10
0.001665	10
0.001667	10
0.001669	10
0.001670	10
0.001671	10
0.001673	10
0.001674	10
0.001675	10
0.001676	10
0.001678	10
0.001680	10
0.001681	10
0.001682	10
0.001684	10
0.001685	10
0.001686	10
0.001687	10
0.001689	10
0.001690	10
0.001692	10
0.001693	10
0.001695	10
0.001696	10
0.001697	10
0.001698	10
0.001700	10
0.001702	10
0.001703	10
0.001704	10
0.001706	10
0.001707	10
0.001709	10
0.001710	10
0.001712	10
0.001713	10
0.001714	10
0.001715	10
0.001717	10
0.001719	10
0.001720	10
0.001721	10
0.001723	10
0.001724	10
0.001725	10
0.001726	10
0.001728	10
0.001730	10
0.001731	10
0.001732	10
0.001734	10
0.001735	10
0.001736	10
0.001737	10
0.001741	10
0.001742	10
0.001743	10
0.001744	10
0.001746	10
0.001747	10
0.001749	10
0.001750	10
0.001752	10
0.001753	10
0.001754	10
0.001755	10
0.001757	10
0.001758	10
0.001759	10
0.001761	10
0.001763	10
0.001764	10
0.001765	10
0.001766	10
0.001768	10
0.001769	10
0.001770	10
0.001771	10
0.001773	10
0.001774	10
0.001776	10
0.001777	10
0.001779	10
0.001780	10
0.001781	10
0.001782	10
0.001784	10
0.001786	10
0.001787	10
0.001788	10
0.001790	10
0.001791	10
0.001792	10
0.001793	10
0.001795	10
0.001797	10
0.001798	10
0.001799	10
0.001801	10
0.001802	10
0.001803	10
0.001804	10
0.001806	10
0.001808	10
0.001809	10
0.001810	10
0.001812	10
0.001813	10
0.001814	10
0.001815	10
0.001818	10
0.001819	10
0.001821	10
0.001822	10
0.001824	10
0.001825	10
0.001826	10
0.001827	10
0.001829	10
0.001830	10
0.001831	10
0.001832	10
0.001834	10
0.001836	10
0.001837	10
0.001838	10
0.001840	10
0.001841	10
0.001842	10
0.001843	10
0.001845	10
0.001846	10
0.001847	10
0.001849	10
0.001851	10
0.001852	10
0.001853	10
0.001854	10
0.001856	10
0.001857	10
0.001858	10
0.001860	10
0.001862	10
0.001863	10
0.001864	10
0.001865	10
0.001867	10
0.001868	10
0.001869	10
0.001870	10
0.001872	10
0.001873	10
0.001875	10
0.001876	10
0.001878	10
0.001879	10
0.001880	10
0.001881	10
0.001883	10
0.001885	10
0.001886	10
0.001887	10
0.001889	10
0.001890	10
0.001891	10
0.001892	10
0.001895	10
0.001897	10
0.001898	10
0.001899	10
0.001901	10
0.001902	10
0.001903	10
0.001904	10
0.001907	10
0.001908	10
0.001909	10
0.001910	10
0.001912	10
0.001914	10
0.001915	10
0.001916	10
0.001918	10
0.001919	10
0.001920	10
0.001921	10
0.001923	10
0.001924	10
0.001926	10
0.001927	10
0.001929	10
0.001930	10
0.001931	10
0.001932	10
0.001934	10
0.001935	10
0.001937	10
0.001938	10
0.001940	10
0.001941	10
0.001942	10
0.001943	10
0.001945	10
0.001946	10
0.001947	10
0.001948	10
0.001950	10
0.001952	10
0.001953	10
0.001954	10
0.001956	10
0.001957	10
0.001958	10
0.001959	10
0.001961	10
0.001963	10
0.001964	10
0.001965	10
0.001967	10
0.001968	10
0.001969	10
0.001970	10
0.001973	10
0.001975	10
0.001976	10
0.001977	10
0.001979	10
0.001980	10
0.001981	10
0.001982	10
0.001984	10
0.001986	10
0.001987	10
0.001988	10
0.001990	10
0.001991	10
0.001992	10
0.001993	10
0.001995	10
0.001996	10
0.001997	10
0.001998	10
0.002000	10
0.002002	10
0.002003	10
0.002004	10
0.002006	10
0.002007	10
0.002008	10
0.002009	10
0.002011	10
0.002012	10
0.002013	10
0.002015	10
0.002017	10
0.002018	10
0.002019	10
0.002020	10
0.002022	10
0.002023	10
0.002024	10
0.002025	10
0.002027	10
0.002028	10
0.002029	10
0.002031	10
0.002033	10
0.002034	10
0.002035	10
0.002036	10
0.002038	10
0.002039	10
0.002040	10
0.002042	10
0.002044	10
0.002045	10
0.002046	10
0.002047	10
0.002050	10
0.002051	10
0.002052	10
0.002054	10
0.002056	10
0.002057	10
0.002058	10
0.002059	10
0.002061	10
0.002062	10
0.002063	10
0.002064	10
0.002066	10
0.002068	10
0.002069	10
0.002070	10
0.002072	10
0.002073	10
0.002074	10
0.002075	10
0.002077	10
0.002079	10
0.002080	10
0.002081	10
0.002083	10
0.002084	10
0.002094	10
0.002096	10
0.002099	10
0.002100	10
0.002101	10
0.002102	10
0.002104	10
0.002106	10
0.002107	10
0.002108	10
0.002110	10
0.002111	10
0.002112	10
0.002114	10
0.002116	10
0.002117	10
0.002118	10
0.002120	10
0.002122	10
0.002123	10
0.002124	10
0.002125	10
0.002127	10
0.002128	10
0.002129	10
0.002131	10
0.002133	10
0.002134	10
0.002135	10
0.002136	10
0.002139	10
0.002140	10
0.002142	10
0.002143	10
0.002145	10
0.002146	10
0.002147	10
0.002148	10
0.002150	10
0.002151	10
0.002152	10
0.002154	10
0.002156	10
0.002157	10
0.002158	10
0.002159	10
0.002161	10
0.002162	10
0.002163	10
0.002165	10
0.002167	10
0.002168	10
0.002169	10
0.002170	10
0.002172	10
0.002174	10
0.002175	10
0.002176	10
0.002178	10
0.002179	10
0.002180	10
0.002181	10
0.002183	10
0.002184	10
0.002186	10
0.002187	10
0.002189	10
0.002190	10
0.002191	10
0.002192	10
0.002194	10
0.002195	10
0.002196	10
0.002198	10
0.002200	10
0.002201	10
0.002202	10
0.002203	10
0.002205	10
0.002207	10
0.002208	10
0.002209	10
0.002221	10
0.002225	10
0.002226	10
0.002227	10
0.002231	10
0.002232	10
0.002233	10
0.002235	10
0.002237	10
0.002238	10
0.002239	10
0.002240	10
0.002242	10
0.002243	10
0.002245	10
0.002246	10
0.002248	10
0.002249	10
0.002250	10
0.002251	10
0.002253	10
0.002254	10
0.002256	10
0.002257	10
0.002260	10
0.002264	10
0.002267	10
0.002269	10
0.002275	10
0.002277	10
0.002278	10
0.002279	10
0.002281	10
0.002282	10
0.002283	10
0.002284	10
0.002287	10
0.002288	10
0.002289	10
0.002290	10
0.002292	10
0.002294	10
0.002295	10
0.002296	10
0.002298	10
0.002299	10
0.002300	10
0.002302	10
0.002304	10
0.002305	10
0.002306	10
0.002307	10
0.002309	10
0.002310	10
0.002311	10
0.002313	10
0.002315	10
0.002316	10
0.002317	10
0.002318	10
0.002321	10
0.002322	10
0.002323	10
0.002324	10
0.002326	10
0.002328	10
0.002329	10
0.002330	10
0.002332	10
0.002333	10
0.002334	10
0.002335	10
0.002337	10
0.002339	10
0.002340	10
0.002341	10
0.002343	10
0.002344	10
0.002345	10
0.002346	10
0.002348	10
0.002349	10
0.002350	10
0.002352	10
0.002353	10
0.002355	10
0.002356	10
0.002357	10
0.002359	10
0.002360	10
0.002361	10
0.002362	10
0.002364	10
0.002366	10
0.002367	10
0.002368	10
0.002370	10
0.002371	10
0.002372	10
0.002373	10
0.002376	10
0.002377	10
0.002378	10
0.002379	10
0.002381	10
0.002382	10
0.002383	10
0.002384	10
0.002386	10
0.002388	10
0.002389	10
0.002390	10
0.002392	10
0.002393	10
0.002394	10
0.002395	10
0.002398	10
0.002399	10
0.002400	10
0.002401	10
0.002404	10
0.002405	10
0.002406	10
0.002407	10
0.002409	10
0.002410	10
0.002411	10
0.002412	10
0.002414	10
0.002416	10
0.002417	10
0.002418	10
0.002420	10
0.002421	10
0.002422	10
0.002423	10
0.002425	10
0.002426	10
0.002427	10
0.002428	10
0.002430	10
0.002431	10
0.002433	10
0.002434	10
0.002436	10
0.002437	10
0.002438	10
0.002439	10
0.002441	10
0.002442	10
0.002443	10
0.002444	10
0.002446	10
0.002447	10
0.002448	10
0.002450	10
0.002452	10
0.002453	10
0.002454	10
0.002455	10
0.002457	10
0.002458	10
0.002459	10
0.002460	10
0.002462	10
0.002463	10
0.002464	10
0.002465	10
0.002467	10
0.002469	10
0.002470	10
0.002471	10
0.002474	10
0.002475	10
0.002476	10
0.002477	10
0.002479	10
0.002481	10
0.002482	10
0.002483	10
0.002485	10
0.002486	10
0.002487	10
0.002488	10
0.002490	10
0.002492	10
0.002493	10
0.002494	10
0.002496	10
0.002497	10
0.002498	10
0.002499	10
0.002501	10
0.002502	10
0.002503	10
0.002504	10
0.002506	10
0.002508	10
0.002509	10
0.002510	10
0.002512	10
0.002513	10
0.002514	10
0.002515	10
0.002517	10
0.002519	10
0.002520	10
0.002521	10
0.002523	10
0.002524	10
0.002525	10
0.002526	10
0.002528	10
0.002529	10
0.002530	10
0.002531	10
0.002533	10
0.002535	10
0.002536	10
0.002537	10
0.002539	10
0.002540	10
0.002541	10
0.002542	10
0.002544	10
0.002545	10
0.002546	10
0.002547	10
0.002550	10
0.002552	10
0.002553	10
0.002554	10
0.002556	10
0.002557	10
0.002558	10
0.002559	10
0.002561	10
0.002563	10
0.002564	10
0.002565	10
0.002567	10
0.002568	10
0.002569	10
0.002570	10
0.002572	10
0.002574	10
0.002575	10
0.002576	10
0.002578	10
0.002579	10
0.002580	10
0.002581	10
0.002583	10
0.002584	10
0.002586	10
0.002587	10
0.002589	10
0.002590	10
0.002591	10
0.002602	10
0.002605	10
0.002607	10
0.002608	10
0.002609	10
0.002611	10
0.002613	10
0.002614	10
0.002615	10
0.002617	10
0.002619	10
0.002620	10
0.002621	10
0.002623	10
0.002624	10
0.002625	10
0.002626	10
0.002629	10
0.002630	10
0.002631	10
0.002632	10
0.002634	10
0.002635	10
0.002636	10
0.002638	10
0.002641	10
0.002642	10
0.002643	10
0.002644	10
0.002646	10
0.002648	10
0.002649	10
0.002650	10
0.002652	10
0.002653	10
0.002654	10
0.002655	10
0.002657	10
0.002659	10
0.002660	10
0.002661	10
0.002663	10
0.002664	10
0.002665	10
0.002666	10
0.002668	10
0.002669	10
0.002670	10
0.002672	10
0.002674	10
0.002675	10
0.002676	10
0.002677	10
0.002679	10
0.002680	10
0.002681	10
0.002682	10
0.002684	10
0.002685	10
0.002687	10
0.002688	10
0.002690	10
0.002691	10
0.002692	10
0.002693	10
0.002695	10
0.002696	10
0.002697	10
0.002698	10
0.002700	10
0.002702	10
0.002703	10
0.002704	10
0.002706	10
0.002707	10
0.002708	10
0.002709	10
0.002711	10
0.002712	10
0.002714	10
0.002715	10
0.002718	10
0.002719	10
0.002720	10
0.002721	10
0.002723	10
0.002724	10
0.002725	10
0.002726	10
0.002728	10
0.002730	10
0.002731	10
0.002732	10
0.002734	10
0.002735	10
0.002737	10
0.002738	10
0.002740	10
0.002741	10
0.002742	10
0.002743	10
0.002745	10
0.002746	10
0.002747	10
0.002748	10
0.002751	10
0.002752	10
0.002753	10
0.002754	10
0.002756	10
0.002757	10
0.002758	10
0.002759	10
0.002761	10
0.002763	10
0.002764	10
0.002765	10
0.002767	10
0.002768	10
0.002769	10
0.002770	10
0.002772	10
0.002774	10
0.002775	10
0.002776	10
0.002778	10
0.002779	10
0.002780	10
0.002781	10
0.002783	10
0.002785	10
0.002786	10
0.002787	10
0.002789	10
0.002790	10
0.002791	10
0.002792	10
0.002795	10
0.002796	10
0.002797	10
0.002798	10
0.002800	10
0.002802	10
0.002803	10
0.002804	10
0.002806	10
0.002807	10
0.002808	10
0.002809	10
0.002811	10
0.002812	10
0.002814	10
0.002815	10
0.002817	10
0.002818	10
0.002819	10
0.002820	10
0.002822	10
0.002823	10
0.002824	10
0.002825	10
0.002827	10
0.002829	10
0.002830	10
0.002831	10
0.002833	10
0.002834	10
0.002835	10
0.002836	10
0.002839	10
0.002840	10
0.002841	10
0.002842	10
0.002844	10
0.002845	10
0.002847	10
0.002848	10
0.002850	10
0.002851	10
0.002852	10
0.002853	10
0.002855	10
0.002856	10
0.002857	10
0.002859	10
0.002861	10
0.002862	10
0.002863	10
0.002864	10
0.002866	10
0.002867	10
0.002868	10
0.002869	10
0.002872	10
0.002873	10
0.002874	10
0.002876	10
0.002877	10
0.002879	10
0.002880	10
0.002881	10
0.002883	10
0.002884	10
0.002885	10
0.002886	10
0.002888	10
0.002890	10
0.002891	10
0.002892	10
0.002894	10
0.002895	10
0.002896	10
0.002897	10
0.002899	10
0.002900	10
0.002901	10
0.002902	10
0.002904	10
0.002906	10
0.002907	10
0.002908	10
0.002910	10
0.002911	10
0.002912	10
0.002913	10
0.002915	10
0.002917	10
0.002918	10
0.002919	10
0.002921	10
0.002922	10
0.002923	10
0.002924	10
0.002926	10
0.002927	10
0.002928	10
0.002929	10
0.002931	10
0.002933	10
0.002934	10
0.002935	10
0.002937	10
0.002938	10
0.002939	10
0.002940	10
0.002942	10
0.002944	10
0.002945	10
0.002946	10
0.002949	10
0.002950	10
0.002951	10
0.002952	10
0.002954	10
0.002956	10
0.002957	10
0.002958	10
0.002960	10
0.002961	10
0.002962	10
0.002963	10
0.002965	10
0.002966	10
0.002968	10
0.002969	10
0.002971	10
0.002972	10
0.002973	10
0.002974	10
0.002976	10
0.002977	10
0.002978	10
0.002979	10
0.002981	10
0.002982	10
0.002984	10
0.002985	10
0.002987	10
0.002989	10
0.002993	10
0.002995	10
0.002999	10
0.003002	10
0.003004	10
0.003007	10
0.003012	10
0.003036	10
0.003040	10
0.003041	10
0.003044	10
0.003046	10
0.003047	10
0.003048	10
0.003050	10
0.003051	10
0.003053	10
0.003055	10
0.003061	10
0.003064	10
0.003068	10
0.003069	10
0.003072	10
0.003073	10
0.003074	10
0.003075	10
0.003078	10
0.003080	10
0.003081	10
0.003082	10
0.003084	10
0.003085	10
0.003086	10
0.003088	10
0.003090	10
0.003091	10
0.003092	10
0.003093	10
0.003095	10
0.003096	10
0.003097	10
0.003098	10
0.003100	10
0.003102	10
0.003103	10
0.003104	10
0.003106	10
0.003107	10
0.003108	10
0.003109	10
0.003111	10
0.003112	10
0.003113	10
0.003114	10
0.003116	10
0.003118	10
0.003119	10
0.003120	10
0.003122	10
0.003123	10
0.003124	10
0.003125	10
0.003128	10
0.003139	10
0.003141	10
0.003142	10
0.003145	10
0.003146	10
0.003147	10
0.003148	10
0.003151	10
0.003152	10
0.003153	10
0.003154	10
0.003157	10
0.003158	10
0.003159	10
0.003160	10
0.003162	10
0.003164	10
0.003165	10
0.003166	10
0.003169	10
0.003170	10
0.003171	10
0.003172	10
0.003174	10
0.003176	10
0.003177	10
0.003178	10
0.003180	10
0.003181	10
0.003182	10
0.003183	10
0.003185	10
0.003187	10
0.003188	10
0.003189	10
0.003191	10
0.003192	10
0.003193	10
0.003194	10
0.003196	10
0.003198	10
0.003199	10
0.003200	10
0.003202	10
0.003203	10
0.003204	10
0.003205	10
0.003207	10
0.003208	10
0.003210	10
0.003211	10
0.003213	10
0.003214	10
0.003215	10
0.003217	10
0.003219	10
0.003220	10
0.003221	10
0.003222	10
0.003224	10
0.003225	10
0.003226	10
0.003227	10
0.003229	10
0.003231	10
0.003232	10
0.003233	10
0.003235	10
0.003236	10
0.003237	10
0.003238	10
0.003240	10
0.003241	10
0.003242	10
0.003244	10
0.003246	10
0.003248	10
0.003249	10
0.003250	10
0.003252	10
0.003253	10
0.003254	10
0.003255	10
0.003257	10
0.003259	10
0.003260	10
0.003261	10
0.003263	10
0.003264	10
0.003265	10
0.003266	10
0.003268	10
0.003269	10
0.003271	10
0.003272	10
0.003274	10
0.003275	10
0.003276	10
0.003277	10
0.003279	10
0.003280	10
0.003281	10
0.003283	10
0.003284	10
0.003286	10
0.003287	10
0.003288	10
0.003290	10
0.003291	10
0.003292	10
0.003293	10
0.003295	10
0.003296	10
0.003297	10
0.003298	10
0.003300	10
0.003302	10
0.003303	10
0.003304	10
0.003306	10
0.003307	10
0.003308	10
0.003309	10
0.003311	10
0.003313	10
0.003314	10
0.003315	10
0.003317	10
0.003318	10
0.003319	10
0.003320	10
0.003323	10
0.003324	10
0.003326	10
0.003327	10
0.003329	10
0.003330	10
0.003331	10
0.003332	10
0.003334	10
0.003335	10
0.003336	10
0.003338	10
0.003340	10
0.003341	10
0.003342	10
0.003343	10
0.003345	10
0.003346	10
0.003347	10
0.003348	10
0.003350	10
0.003352	10
0.003353	10
0.003354	10
0.003356	10
0.003357	10
0.003358	10
0.003359	10
0.003361	10
0.003362	10
0.003363	10
0.003365	10
0.003366	10
0.003368	10
0.003369	10
0.003370	10
0.003372	10
0.003373	10
0.003374	10
0.003375	10
0.003377	10
0.003379	10
0.003380	10
0.003381	10
0.003383	10
0.003384	10
0.003385	10
0.003386	10
0.003388	10
0.003390	10
0.003391	10
0.003392	10
0.003394	10
0.003395	10
0.003396	10
0.003397	10
0.003400	10
0.003401	10
0.003403	10
0.003404	10
0.003406	10
0.003407	10
0.003408	10
0.003409	10
0.003411	10
0.003412	10
0.003413	10
0.003414	10
0.003416	10
0.003418	10
0.003419	10
0.003420	10
0.003422	10
0.003423	10
0.003424	10
0.003425	10
0.003458	10
0.003464	10
0.003469	10
0.003471	10
0.003474	10
0.003475	10
0.003476	10
0.003477	10
0.003480	10
0.003481	10
0.003482	10
0.003483	10
0.003485	10
0.003487	10
0.003488	10
0.003489	10
0.003491	10
0.003492	10
0.003494	10
0.003496	10
0.003500	10
0.003512	10
0.003513	10
0.003514	10
0.003517	10
0.003518	10
0.003520	10
0.003521	10
0.003523	10
0.003524	10
0.003525	10
0.003527	10
0.003529	10
0.003530	10
0.003531	10
0.003532	10
0.003536	10
0.003538	10
0.003545	10
0.003550	10
0.003552	10
0.003554	10
0.003555	10
0.003556	10
0.003558	10
0.003560	10
0.003561	10
0.003562	10
0.003564	10
0.003565	10
0.003567	10
0.003568	10
0.003570	10
0.003571	10
0.003572	10
0.003573	10
0.003575	10
0.003577	10
0.003578	10
0.003579	10
0.003581	10
0.003582	10
0.003583	10
0.003585	10
0.003587	10
0.003588	10
0.003589	10
0.003590	10
0.003592	10
0.003593	10
0.003594	10
0.003596	10
0.003598	10
0.003599	10
0.003600	10
0.003601	10
0.003603	10
0.003605	10
0.003606	10
0.003607	10
0.003609	10
0.003610	10
0.003611	10
0.003612	10
0.003615	10
0.003616	10
0.003617	10
0.003618	10
0.003620	10
0.003621	10
0.003623	10
0.003624	10
0.003627	10
0.003628	10
0.003629	10
0.003630	10
0.003632	10
0.003634	10
0.003635	10
0.003636	10
0.003638	10
0.003639	10
0.003640	10
0.003641	10
0.003644	10
0.003645	10
0.003646	10
0.003647	10
0.003649	10
0.003650	10
0.003652	10
0.003653	10
0.003655	10
0.003656	10
0.003657	10
0.003658	10
0.003660	10
0.003662	10
0.003663	10
0.003664	10
0.003666	10
0.003667	10
0.003669	10
0.003670	10
0.003672	10
0.003673	10
0.003674	10
0.003675	10
0.003677	10
0.003679	10
0.003680	10
0.003681	10
0.003683	10
0.003684	10
0.003697	10
0.003699	10
0.003702	10
0.003703	10
0.003704	10
0.003706	10
0.003708	10
0.003709	10
0.003710	10
0.003711	10
0.003713	10
0.003715	10
0.003716	10
0.003717	10
0.003720	10
0.003722	10
0.003723	10
0.003724	10
0.003726	10
0.003727	10
0.003728	10
0.003730	10
0.003732	10
0.003733	10
0.003734	10
0.003735	10
0.003737	10
0.003738	10
0.003740	10
0.003741	10
0.003743	10
0.003744	10
0.003745	10
0.003746	10
0.003748	10
0.003749	10
0.003750	10
0.003752	10
0.003754	10
0.003755	10
0.003756	10
0.003757	10
0.003759	10
0.003760	10
0.003761	10
0.003762	10
0.003764	10
0.003766	10
0.003767	10
0.003768	10
0.003770	10
0.003771	10
0.003772	10
0.003773	10
0.003775	10
0.003776	10
0.003777	10
0.003778	10
0.003780	10
0.003782	10
0.003783	10
0.003784	10
0.003786	10
0.003787	10
0.003788	10
0.003789	10
0.003791	10
0.003792	10
0.003794	10
0.003795	10
0.003798	10
0.003799	10
0.003800	10
0.003801	10
0.003803	10
0.003804	10
0.003805	10
0.003807	10
0.003809	10
0.003810	10
0.003811	10
0.003812	10
0.003814	10
0.003815	10
0.003816	10
0.003817	10
0.003819	10
0.003820	10
0.003822	10
0.003823	10
0.003825	10
0.003826	10
0.003827	10
0.003828	10
0.003830	10
0.003831	10
0.003832	10
0.003833	10
0.003835	10
0.003836	10
0.003838	10
0.003839	10
0.003841	10
0.003842	10
0.003843	10
0.003844	10
0.003846	10
0.003847	10
0.003848	10
0.003849	10
0.003851	10
0.003853	10
0.003854	10
0.003855	10
0.003857	10
0.003858	10
0.003859	10
0.003860	10
0.003862	10
0.003864	10
0.003865	10
0.003866	10
0.003868	10
0.003869	10
0.003870	10
0.003871	10
0.003874	10
0.003876	10
0.003877	10
0.003878	10
0.003880	10
0.003881	10
0.003882	10
0.003883	10
0.003885	10
0.003887	10
0.003888	10
0.003889	10
0.003891	10
0.003892	10
0.003893	10
0.003894	10
0.003896	10
0.003897	10
0.003898	10
0.003900	10
0.003902	10
0.003903	10
0.003904	10
0.003905	10
0.003907	10
0.003909	10
0.003910	10
0.003911	10
0.003913	10
0.003914	10
0.003915	10
0.003916	10
0.003918	10
0.003920	10
0.003921	10
0.003922	10
0.003924	10
0.003925	10
0.003926	10
0.003927	10
0.003929	10
0.003930	10
0.003932	10
0.003933	10
0.003935	10
0.003936	10
0.003937	10
0.003938	10
0.003940	10
0.003942	10
0.003943	10
0.003944	10
0.003946	10
0.003947	10
0.003948	10
0.003949	10
0.003952	10
0.003953	10
0.003954	10
0.003956	10
0.003957	10
0.003959	10
0.003960	10
0.003961	10
0.003963	10
0.003964	10
0.003965	10
0.003967	10
0.003969	10
0.003970	10
0.003971	10
0.003972	10
0.003974	10
0.003975	10
0.003976	10
0.003977	10
0.003979	10
0.003981	10
0.003982	10
0.003983	10
0.003985	10
0.003986	10
0.003987	10
0.003988	10
0.003990	10
0.003991	10
0.003992	10
0.003994	10
0.003996	10
0.003997	10
0.003998	10
0.003999	10
0.004001	10
0.004002	10
0.004003	10
0.004004	10
0.004006	10
0.004008	10
0.004009	10
0.004010	10
0.004012	10
0.004013	10
0.004014	10
0.004015	10
0.004017	10
0.004018	10
0.004020	10
0.004021	10
0.004023	10
0.004024	10
0.004025	10
0.004026	10
0.004029	10
0.004030	10
0.004031	10
0.004033	10
0.004035	10
0.004036	10
0.004037	10
0.004038	10
0.004040	10
0.004041	10
0.004042	10
0.004043	10
0.004046	10
0.004047	10
0.004048	10
0.004049	10
0.004051	10
0.004052	10
0.004053	10
0.004054	10
0.004056	10
0.004058	10
0.004059	10
0.004060	10
0.004062	10
0.004063	10
0.004064	10
0.004065	10
0.004067	10
0.004068	10
0.004070	10
0.004071	10
0.004073	10
0.004074	10
0.004075	10
0.004076	10
0.004078	10
0.004079	10
0.004080	10
0.004081	10
0.004083	10
0.004085	10
0.004086	10
0.004087	10
0.004089	10
0.004090	10
0.004091	10
0.004092	10
0.004094	10
0.004095	10
0.004097	10
0.004098	10
0.004100	10
0.004101	10
0.004102	10
0.004103	10
0.004106	10
0.004107	10
0.004109	10
0.004110	10
0.004112	10
0.004113	10
0.004114	10
0.004115	10
0.004117	10
0.004119	10
0.004120	10
0.004121	10
0.004123	10
0.004124	10
0.004125	10
0.004126	10
0.004128	10
0.004130	10
0.004131	10
0.004132	10
0.004134	10
0.004135	10
0.004136	10
0.004137	10
0.004139	10
0.004140	10
0.004141	10
0.004142	10
0.004144	10
0.004146	10
0.004147	10
0.004148	10
0.004150	10
0.004151	10
0.004152	10
0.004153	10
0.004155	10
0.004156	10
0.004158	10
0.004159	10
0.004161	10
0.004162	10
0.004163	10
0.004164	10
0.004166	10
0.004168	10
0.004169	10
0.004179	10
0.004182	10
0.004184	10
0.004185	10
0.004186	10
0.004188	10
0.004190	10
0.004191	10
0.004192	10
0.004195	10
0.004196	10
0.004197	10
0.004198	10
0.004201	10
0.004202	10
0.004203	10
0.004204	10
0.004206	10
0.004207	10
0.004209	10
0.004210	10
0.004212	10
0.004213	10
0.004214	10
0.004215	10
0.004217	10
0.004219	10
0.004220	10
0.004221	10
0.004223	10
0.004224	10
0.004225	10
0.004226	10
0.004228	10
0.004230	10
0.004231	10
0.004232	10
0.004234	10
0.004235	10
0.004236	10
0.004237	10
0.004239	10
0.004241	10
0.004242	10
0.004243	10
0.004245	10
0.004246	10
0.004247	10
0.004248	10
0.004250	10
0.004252	10
0.004253	10
0.004254	10
0.004256	10
0.004257	10
0.004258	10
0.004259	10
0.004262	10
0.004263	10
0.004264	10
0.004265	10
0.004267	10
0.004268	10
0.004269	10
0.004270	10
0.004273	10
0.004275	10
0.004276	10
0.004277	10
0.004279	10
0.004280	10
0.004281	10
0.004282	10
0.004284	10
0.004285	10
0.004286	10
0.004288	10
0.004289	10
0.004291	10
0.004292	10
0.004293	10
0.004295	10
0.004296	10
0.004297	10
0.004298	10
0.004300	10
0.004302	10
0.004303	10
0.004304	10
0.004306	10
0.004307	10
0.004308	10
0.004309	10
0.004311	10
0.004312	10
0.004314	10
0.004315	10
0.004317	10
0.004318	10
0.004319	10
0.004320	10
0.004322	10
0.004323	10
0.004324	10
0.004325	10
0.004327	10
0.004329	10
0.004330	10
0.004331	10
0.004333	10
0.004334	10
0.004335	10
0.004336	10
0.004338	10
0.004339	10
0.004341	10
0.004342	10
0.004344	10
0.004345	10
0.004346	10
0.004347	10
0.004350	10
0.004351	10
0.004352	10
0.004353	10
0.004355	10
0.004357	10
0.004358	10
0.004359	10
0.004361	10
0.004362	10
0.004363	10
0.004364	10
0.004367	10
0.004368	10
0.004369	10
0.004370	10
0.004372	10
0.004373	10
0.004374	10
0.004375	10
0.004377	10
0.004379	10
0.004380	10
0.004381	10
0.004383	10
0.004384	10
0.004385	10
0.004386	10
0.004389	10
0.004390	10
0.004391	10
0.004392	10
0.004394	10
0.004395	10
0.004396	10
0.004397	10
0.004399	10
0.004400	10
0.004402	10
0.004403	10
0.004405	10
0.004406	10
0.004407	10
0.004408	10
0.004410	10
0.004411	10
0.004413	10
0.004414	10
0.004416	10
0.004417	10
0.004418	10
0.004419	10
0.004421	10
0.004423	10
0.004424	10
0.004425	10
0.004428	10
0.004429	10
0.004430	10
0.004432	10
0.004434	10
0.004435	10
0.004436	10
0.004437	10
0.004439	10
0.004440	10
0.004441	10
0.004443	10
0.004445	10
0.004446	10
0.004447	10
0.004448	10
0.004450	10
0.004451	10
0.004452	10
0.004453	10
0.004455	10
0.004456	10
0.004457	10
0.004459	10
0.004461	10
0.004462	10
0.004463	10
0.004464	10
0.004466	10
0.004467	10
0.004468	10
0.004470	10
0.004472	10
0.004473	10
0.004474	10
0.004475	10
0.004477	10
0.004478	10
0.004479	10
0.004480	10
0.004482	10
0.004484	10
0.004485	10
0.004486	10
0.004488	10
0.004489	10
0.004490	10
0.004491	10
0.004493	10
0.004494	10
0.004496	10
0.004497	10
0.004499	10
0.004500	10
0.004501	10
0.004502	10
0.004505	10
0.004507	10
0.004508	10
0.004509	10
0.004511	10
0.004512	10
0.004513	10
0.004514	10
0.004516	10
0.004517	10
0.004519	10
0.004520	10
0.004522	10
0.004523	10
0.004524	10
0.004525	10
0.004527	10
0.004528	10
0.004530	10
0.004531	10
0.004533	10
0.004534	10
0.004535	10
0.004536	10
0.004538	10
0.004539	10
0.004540	10
0.004542	10
0.004544	10
0.004545	10
0.004546	10
0.004547	10
0.004549	10
0.004550	10
0.004551	10
0.004552	10
0.004554	10
0.004556	10
0.004557	10
0.004558	10
0.004560	10
0.004561	10
0.004562	10
0.004563	10
0.004565	10
0.004567	10
0.004568	10
0.004569	10
0.004571	10
0.004572	10
0.004573	10
0.004574	10
0.004576	10
0.004577	10
0.004579	10
0.004580	10
0.004583	10
0.004584	10
0.004585	10
0.004586	10
0.004588	10
0.004590	10
0.004591	10
0.004592	10
0.004594	10
0.004595	10
0.004596	10
0.004597	10
0.004599	10
0.004601	10
0.004602	10
0.004603	10
0.004605	10
0.004606	10
0.004607	10
0.004609	10
0.004610	10
0.004612	10
0.004613	10
0.004614	10
0.004616	10
0.004617	10
0.004618	10
0.004619	10
0.004621	10
0.004622	10
0.004624	10
0.004625	10
0.004627	10
0.004628	10
0.004629	10
0.004630	10
0.004632	10
0.004633	10
0.004635	10
0.004636	10
0.004638	10
0.004639	10
0.004640	10
0.004641	10
0.004643	10
0.004644	10
0.004646	10
0.004647	10
0.004649	10
0.004650	10
0.004651	10
0.004652	10
0.004654	10
0.004664	10
0.004667	10
0.004668	10
0.004671	10
0.004673	10
0.004674	10
0.004675	10
0.004677	10
0.004678	10
0.004679	10
0.004681	10
0.004683	10
0.004684	10
0.004685	10
0.004686	10
0.004688	10
0.004690	10
0.004691	10
0.004692	10
0.004694	10
0.004695	10
0.004696	10
0.004698	10
0.004700	10
0.004701	10
0.004702	10
0.004703	10
0.004705	10
0.004706	10
0.004708	10
0.004709	10
0.004711	10
0.004712	10
0.004713	10
0.004714	10
0.004717	10
0.004718	10
0.004719	10
0.004720	10
0.004722	10
0.004723	10
0.004724	10
0.004725	10
0.004728	10
0.004729	10
0.004730	10
0.004731	10
0.004733	10
0.004734	10
0.004735	10
0.004736	10
0.004738	10
0.004740	10
0.004741	10
0.004742	10
0.004744	10
0.004745	10
0.004746	10
0.004747	10
0.004750	10
0.004752	10
0.004753	10
0.004754	10
0.004756	10
0.004757	10
0.004758	10
0.004759	10
0.004761	10
0.004762	10
0.004763	10
0.004765	10
0.004767	10
0.004768	10
0.004769	10
0.004770	10
0.004772	10
0.004774	10
0.004775	10
0.004776	10
0.004778	10
0.004779	10
0.004780	10
0.004781	10
0.004783	10
0.004784	10
0.004786	10
0.004787	10
0.004789	10
0.004790	10
0.004791	10
0.004792	10
0.004794	10
0.004795	10
0.004797	10
0.004798	10
0.004800	10
0.004801	10
0.004802	10
0.004803	10
0.004805	10
0.004806	10
0.004808	10
0.004809	10
0.004811	10
0.004812	10
0.004813	10
0.004814	10
0.004816	10
0.004818	10
0.004819	10
0.004820	10
0.004822	10
0.004823	10
0.004824	10
0.004825	10
0.004828	10
0.004830	10
0.004831	10
0.004832	10
0.004834	10
0.004835	10
0.004836	10
0.004837	10
0.004839	10
0.004841	10
0.004842	10
0.004843	10
0.004845	10
0.004846	10
0.004847	10
0.004848	10
0.004850	10
0.004852	10
0.004853	10
0.004854	10
0.004856	10
0.004857	10
0.004858	10
0.004859	10
0.004862	10
0.004863	10
0.004864	10
0.004865	10
0.004867	10
0.004868	10
0.004869	10
0.004870	10
0.004872	10
0.004874	10
0.004875	10
0.004876	10
0.004878	10
0.004879	10
0.004880	10
0.004881	10
0.004883	10
0.004885	10
0.004886	10
0.004887	10
0.004889	10
0.004890	10
0.004891	10
0.004892	10
0.004894	10
0.004896	10
0.004897	10
0.004898	10
0.004900	10
0.004901	10
0.004902	10
0.004903	10
0.004906	10
0.004908	10
0.004909	10
0.004910	10
0.004912	10
0.004913	10
0.004914	10
0.004915	10
0.004917	10
0.004919	10
0.004920	10
0.004921	10
0.004923	10
0.004924	10
0.004926	10
0.004927	10
0.004929	10
0.004930	10
0.004931	10
0.004932	10
0.004934	10
0.004936	10
0.004937	10
0.004938	10
0.004940	10
0.004941	10
0.004942	10
0.004943	10
0.004946	10
0.004947	10
0.004948	10
0.004949	10
0.004951	10
0.004952	10
0.004953	10
0.004955	10
0.004957	10
0.004958	10
0.004959	10
0.004960	10
0.004962	10
0.004963	10
0.004964	10
0.004966	10
0.004968	10
0.004969	10
0.004970	10
0.004971	10
0.004973	10
0.004974	10
0.004975	10
0.004976	10
0.004979	10
0.004980	10
0.004981	10
0.004982	10
0.004985	10
0.004986	10
0.004988	10
0.004989	10
0.004991	10
0.004992	10
0.004993	10
0.004994	10
0.004996	10
0.004998	10
0.004999	10
0.005000	10
0.005002	10
0.005003	10
0.005004	10
0.005005	10
0.005007	10
0.005008	10
0.005010	10
0.005011	10
0.005013	10
0.005014	10
0.005015	10
0.005016	10
0.005018	10
0.005019	10
0.005021	10
0.005022	10
0.005024	10
0.005025	10
0.005026	10
0.005027	10
0.005029	10
0.005030	10
0.005031	10
0.005033	10
0.005035	10
0.005036	10
0.005037	10
0.005038	10
0.005040	10
0.005042	10
0.005043	10
0.005044	10
0.005046	10
0.005047	10
0.005048	10
0.005049	10
0.005051	10
0.005053	10
0.005054	10
0.005055	10
0.005057	10
0.005058	10
0.005059	10
0.005060	10
0.005063	10
0.005065	10
0.005066	10
0.005067	10
0.005069	10
0.005070	10
0.005071	10
0.005073	10
0.005075	10
0.005076	10
0.005077	10
0.005078	10
0.005080	10
0.005081	10
0.005083	10
0.005084	10
0.005086	10
0.005087	10
0.005088	10
0.005089	10
0.005091	10
0.005092	10
0.005094	10
0.005095	10
0.005097	10
0.005098	10
0.005099	10
0.005100	10
0.005102	10
0.005103	10
0.005105	10
0.005106	10
0.005108	10
0.005109	10
0.005110	10
0.005111	10
0.005113	10
0.005114	10
0.005115	10
0.005117	10
0.005119	10
0.005120	10
0.005121	10
0.005122	10
0.005124	10
0.005125	10
0.005126	10
0.005127	10
0.005130	10
0.005131	10
0.005132	10
0.005133	10
0.005135	10
0.005136	10
0.005137	10
0.005138	10
0.005141	10
0.005143	10
0.005153	10
0.005155	10
0.005157	10
0.005158	10
0.005159	10
0.005161	10
0.005163	10
0.005164	10
0.005165	10
0.005166	10
0.005169	10
0.005170	10
0.005171	10
0.005172	10
0.005174	10
0.005175	10
0.005177	10
0.005178	10
0.005180	10
0.005181	10
0.005182	10
0.005183	10
0.005185	10
0.005187	10
0.005188	10
0.005189	10
0.005200	10
0.005203	10
0.005205	10
0.005206	10
0.005208	10
0.005210	10
0.005211	10
0.005212	10
0.005214	10
0.005215	10
0.005217	10
0.005218	10
0.005220	10
0.005221	10
0.005222	10
0.005223	10
0.005225	10
0.005227	10
0.005228	10
0.005229	10
0.005231	10
0.005232	10
0.005233	10
0.005234	10
0.005237	10
0.005239	10
0.005243	10
0.005247	10
0.005252	10
0.005254	10
0.005256	10
0.005257	10
0.005259	10
0.005260	10
0.005261	10
0.005262	10
0.005264	10
0.005266	10
0.005267	10
0.005268	10
0.005270	10
0.005271	10
0.005272	10
0.005273	10
0.005275	10
0.005277	10
0.005278	10
0.005279	10
0.005281	10
0.005282	10
0.005283	10
0.005284	10
0.005286	10
0.005287	10
0.005288	10
0.005289	10
0.005292	10
0.005293	10
0.005294	10
0.005295	10
0.005297	10
0.005298	10
0.005299	10
0.005300	10
0.005302	10
0.005304	10
0.005305	10
0.005306	10
0.005308	10
0.005309	10
0.005310	10
0.005311	10
0.005313	10
0.005314	10
0.005315	10
0.005316	10
0.005318	10
0.005320	10
0.005321	10
0.005322	10
0.005324	10
0.005325	10
0.005326	10
0.005327	10
0.005330	10
0.005331	10
0.005332	10
0.005334	10
0.005336	10
0.005337	10
0.005338	10
0.005339	10
0.005341	10
0.005342	10
0.005343	10
0.005344	10
0.005346	10
0.005347	10
0.005348	10
0.005349	10
0.005351	10
0.005353	10
0.005354	10
0.005355	10
0.005357	10
0.005358	10
0.005359	10
0.005360	10
0.005362	10
0.005363	10
0.005364	10
0.005365	10
0.005367	10
0.005369	10
0.005370	10
0.005371	10
0.005373	10
0.005374	10
0.005375	10
0.005376	10
0.005378	10
0.005379	10
0.005381	10
0.005382	10
0.005384	10
0.005385	10
0.005386	10
0.005387	10
0.005389	10
0.005390	10
0.005391	10
0.005392	10
0.005394	10
0.005395	10
0.005396	10
0.005397	10
0.005399	10
0.005401	10
0.005402	10
0.005403	10
0.005406	10
0.005407	10
0.005408	10
0.005409	10
0.005411	10
0.005412	10
0.005414	10
0.005415	10
0.005417	10
0.005418	10
0.005419	10
0.005420	10
0.005422	10
0.005423	10
0.005424	10
0.005425	10
0.005427	10
0.005428	10
0.005430	10
0.005431	10
0.005433	10
0.005434	10
0.005435	10
0.005436	10
0.005438	10
0.005439	10
0.005440	10
0.005441	10
0.005443	10
0.005445	10
0.005446	10
0.005447	10
0.005449	10
0.005450	10
0.005451	10
0.005452	10
0.005454	10
0.005456	10
0.005457	10
0.005458	10
0.005460	10
0.005461	10
0.005462	10
0.005463	10
0.005465	10
0.005466	10
0.005467	10
0.005468	10
0.005470	10
0.005471	10
0.005473	10
0.005474	10
0.005476	10
0.005477	10
0.005478	10
0.005479	10
0.005482	10
0.005483	10
0.005484	10
0.005485	10
0.005487	10
0.005489	10
0.005490	10
0.005491	10
0.005493	10
0.005494	10
0.005495	10
0.005496	10
0.005498	10
0.005499	10
0.005500	10
0.005501	10
0.005503	10
0.005505	10
0.005506	10
0.005507	10
0.005509	10
0.005510	10
0.005511	10
0.005512	10
0.005514	10
0.005515	10
0.005516	10
0.005517	10
0.005519	10
0.005521	10
0.005522	10
0.005523	10
0.005525	10
0.005526	10
0.005527	10
0.005528	10
0.005530	10
0.005532	10
0.005533	10
0.005534	10
0.005536	10
0.005537	10
0.005538	10
0.005539	10
0.005541	10
0.005542	10
0.005544	10
0.005545	10
0.005547	10
0.005548	10
0.005549	10
0.005550	10
0.005552	10
0.005553	10
0.005554	10
0.005555	10
0.005558	10
0.005560	10
0.005561	10
0.005562	10
0.005564	10
0.005565	10
0.005566	10
0.005567	10
0.005569	10
0.005570	10
0.005572	10
0.005573	10
0.005575	10
0.005576	10
0.005577	10
0.005578	10
0.005580	10
0.005581	10
0.005582	10
0.005583	10
0.005585	10
0.005586	10
0.005587	10
0.005589	10
0.005591	10
0.005592	10
0.005593	10
0.005594	10
0.005596	10
0.005597	10
0.005598	10
0.005599	10
0.005601	10
0.005602	10
0.005604	10
0.005605	10
0.005607	10
0.005608	10
0.005609	10
0.005610	10
0.005612	10
0.005613	10
0.005614	10
0.005615	10
0.005617	10
0.005618	10
0.005619	10
0.005621	10
0.005623	10
0.005624	10
0.005625	10
0.005626	10
0.005628	10
0.005629	10
0.005630	10
0.005631	10
0.005634	10
0.005636	10
0.005637	10
0.005638	10
0.005640	10
0.005641	10
0.005642	10
0.005653	10
0.005656	10
0.005658	10
0.005659	10
0.005660	10
0.005662	10
0.005663	10
0.005664	10
0.005665	10
0.005668	10
0.005669	10
0.005670	10
0.005671	10
0.005673	10
0.005674	10
0.005675	10
0.005676	10
0.005679	10
0.005680	10
0.005681	10
0.005682	10
0.005684	10
0.005685	10
0.005686	10
0.005687	10
0.005689	10
0.005690	10
0.005691	10
0.005693	10
0.005695	10
0.005696	10
0.005697	10
0.005698	10
0.005700	10
0.005701	10
0.005702	10
0.005703	10
0.005705	10
0.005706	10
0.005708	10
0.005709	10
0.005711	10
0.005712	10
0.005713	10
0.005714	10
0.005716	10
0.005717	10
0.005718	10
0.005719	10
0.005722	10
0.005723	10
0.005724	10
0.005725	10
0.005727	10
0.005729	10
0.005730	10
0.005731	10
0.005733	10
0.005734	10
0.005735	10
0.005736	10
0.005738	10
0.005740	10
0.005741	10
0.005742	10
0.005744	10
0.005745	10
0.005746	10
0.005747	10
0.005749	10
0.005750	10
0.005752	10
0.005753	10
0.005755	10
0.005756	10
0.005757	10
0.005758	10
0.005760	10
0.005761	10
0.005762	10
0.005763	10
0.005765	10
0.005766	10
0.005767	10
0.005769	10
0.005771	10
0.005772	10
0.005773	10
0.005774	10
0.005776	10
0.005777	10
0.005778	10
0.005779	10
0.005781	10
0.005783	10
0.005784	10
0.005785	10
0.005787	10
0.005788	10
0.005789	10
0.005790	10
0.005792	10
0.005794	10
0.005795	10
0.005796	10
0.005799	10
0.005800	10
0.005801	10
0.005802	10
0.005804	10
0.005805	10
0.005806	10
0.005808	10
0.005809	10
0.005811	10
0.005812	10
0.005813	10
0.005815	10
0.005816	10
0.005817	10
0.005818	10
0.005820	10
0.005821	10
0.005822	10
0.005824	10
0.005826	10
0.005827	10
0.005828	10
0.005829	10
0.005831	10
0.005832	10
0.005833	10
0.005834	10
0.005836	10
0.005838	10
0.005839	10
0.005840	10
0.005842	10
0.005843	10
0.005844	10
0.005845	10
0.005847	10
0.005848	10
0.005849	10
0.005850	10
0.005852	10
0.005853	10
0.005855	10
0.005856	10
0.005858	10
0.005859	10
0.005860	10
0.005861	10
0.005863	10
0.005864	10
0.005865	10
0.005866	10
0.005868	10
0.005870	10
0.005871	10
0.005872	10
0.005875	10
0.005876	10
0.005877	10
0.005878	10
0.005880	10
0.005881	10
0.005882	10
0.005883	10
0.005885	10
0.005887	10
0.005888	10
0.005889	10
0.005891	10
0.005892	10
0.005893	10
0.005894	10
0.005896	10
0.005897	10
0.005898	10
0.005899	10
0.005901	10
0.005902	10
0.005903	10
0.005905	10
0.005907	10
0.005908	10
0.005909	10
0.005910	10
0.005912	10
0.005913	10
0.005914	10
0.005915	10
0.005917	10
0.005919	10
0.005920	10
0.005921	10
0.005923	10
0.005924	10
0.005925	10
0.005926	10
0.005928	10
0.005929	10
0.005930	10
0.005932	10
0.005934	10
0.005935	10
0.005936	10
0.005937	10
0.005939	10
0.005940	10
0.005941	10
0.005942	10
0.005944	10
0.005945	10
0.005947	10
0.005948	10
0.005951	10
0.005952	10
0.005953	10
0.005954	10
0.005956	10
0.005957	10
0.005958	10
0.005959	10
0.005961	10
0.005962	10
0.005964	10
0.005965	10
0.005967	10
0.005968	10
0.005969	10
0.005970	10
0.005972	10
0.005974	10
0.005975	10
0.005976	10
0.005978	10
0.005979	10
0.005980	10
0.005981	10
0.005983	10
0.005984	10
0.005985	10
0.005986	10
0.005988	10
0.005990	10
0.005991	10
0.005992	10
0.005994	10
0.005995	10
0.005996	10
0.005997	10
0.005999	10
0.006000	10
0.006001	10
0.006003	10
0.006005	10
0.006006	10
0.006007	10
0.006008	10
0.006010	10
0.006011	10
0.006012	10
0.006013	10
0.006015	10
0.006017	10
0.006018	10
0.006019	10
0.006021	10
0.006022	10
0.006023	10
0.006024	10
0.006027	10
0.006028	10
0.006029	10
0.006030	10
0.006032	10
0.006033	10
0.006034	10
0.006035	10
0.006038	10
0.006039	10
0.006040	10
0.006041	10
0.006043	10
0.006044	10
0.006045	10
0.006046	10
0.006048	10
0.006049	10
0.006051	10
0.006052	10
0.006054	10
0.006055	10
0.006056	10
0.006057	10
0.006059	10
0.006060	10
0.006061	10
0.006062	10
0.006064	10
0.006066	10
0.006067	10
0.006068	10
0.006070	10
0.006071	10
0.006072	10
0.006073	10
0.006075	10
0.006077	10
0.006078	10
0.006079	10
0.006081	10
0.006082	10
0.006083	10
0.006084	10
0.006086	10
0.006087	10
0.006088	10
0.006089	10
0.006091	10
0.006093	10
0.006094	10
0.006095	10
0.006097	10
0.006098	10
0.006099	10
0.006100	10
0.006103	10
0.006104	10
0.006105	10
0.006107	10
0.006111	10
0.006114	10
0.006117	10
0.006119	10
0.006124	10
0.006126	10
0.006129	10
0.006132	10
0.006136	10
0.006150	10
0.006152	10
0.006153	10
0.006155	10
0.006157	10
0.006158	10
0.006159	10
0.006161	10
0.006162	10
0.006164	10
0.006165	10
0.006167	10
0.006168	10
0.006169	10
0.006170	10
0.006172	10
0.006173	10
0.006174	10
0.006175	10
0.006177	10
0.006179	10
0.006180	10
0.006181	10
0.006183	10
0.006184	10
0.006185	10
0.006186	10
0.006188	10
0.006190	10
0.006191	10
0.006192	10
0.006194	10
0.006195	10
0.006196	10
0.006197	10
0.006199	10
0.006200	10
0.006201	10
0.006202	10
0.006204	10
0.006206	10
0.006207	10
0.006208	10
0.006211	10
0.006212	10
0.006213	10
0.006214	10
0.006216	10
0.006217	10
0.006218	10
0.006219	10
0.006221	10
0.006223	10
0.006224	10
0.006225	10
0.006227	10
0.006228	10
0.006229	10
0.006230	10
0.006232	10
0.006233	10
0.006234	10
0.006235	10
0.006237	10
0.006239	10
0.006240	10
0.006241	10
0.006243	10
0.006244	10
0.006245	10
0.006246	10
0.006248	10
0.006249	10
0.006250	10
0.006252	10
0.006254	10
0.006255	10
0.006256	10
0.006257	10
0.006259	10
0.006260	10
0.006261	10
0.006262	10
0.006264	10
0.006265	10
0.006267	10
0.006268	10
0.006270	10
0.006271	10
0.006272	10
0.006273	10
0.006275	10
0.006276	10
0.006277	10
0.006278	10
0.006280	10
0.006282	10
0.006283	10
0.006284	10
0.006287	10
0.006288	10
0.006289	10
0.006290	10
0.006292	10
0.006293	10
0.006294	10
0.006295	10
0.006297	10
0.006299	10
0.006300	10
0.006301	10
0.006303	10
0.006304	10
0.006305	10
0.006306	10
0.006308	10
0.006309	10
0.006310	10
0.006311	10
0.006313	10
0.006315	10
0.006316	10
0.006317	10
0.006319	10
0.006320	10
0.006321	10
0.006322	10
0.006324	10
0.006325	10
0.006326	10
0.006327	10
0.006329	10
0.006330	10
0.006332	10
0.006333	10
0.006335	10
0.006336	10
0.006337	10
0.006338	10
0.006340	10
0.006341	10
0.006342	10
0.006343	10
0.006345	10
0.006346	10
0.006348	10
0.006349	10
0.006351	10
0.006352	10
0.006353	10
0.006354	10
0.006356	10
0.006357	10
0.006358	10
0.006359	10
0.006362	10
0.006364	10
0.006365	10
0.006366	10
0.006368	10
0.006369	10
0.006370	10
0.006371	10
0.006373	10
0.006374	10
0.006375	10
0.006377	10
0.006378	10
0.006380	10
0.006381	10
0.006382	10
0.006384	10
0.006385	10
0.006386	10
0.006387	10
0.006389	10
0.006390	10
0.006391	10
0.006392	10
0.006394	10
0.006395	10
0.006396	10
0.006397	10
0.006399	10
0.006401	10
0.006402	10
0.006403	10
0.006405	10
0.006406	10
0.006407	10
0.006408	10
0.006410	10
0.006411	10
0.006413	10
0.006414	10
0.006416	10
0.006417	10
0.006418	10
0.006419	10
0.006421	10
0.006422	10
0.006423	10
0.006424	10
0.006426	10
0.006428	10
0.006429	10
0.006430	10
0.006432	10
0.006433	10
0.006434	10
0.006435	10
0.006438	10
0.006439	10
0.006440	10
0.006441	10
0.006443	10
0.006444	10
0.006445	10
0.006447	10
0.006449	10
0.006450	10
0.006451	10
0.006452	10
0.006454	10
0.006455	10
0.006456	10
0.006457	10
0.006459	10
0.006461	10
0.006462	10
0.006463	10
0.006465	10
0.006466	10
0.006467	10
0.006468	10
0.006470	10
0.006472	10
0.006473	10
0.006474	10
0.006476	10
0.006477	10
0.006478	10
0.006479	10
0.006481	10
0.006482	10
0.006483	10
0.006484	10
0.006486	10
0.006487	10
0.006488	10
0.006489	10
0.006491	10
0.006493	10
0.006494	10
0.006495	10
0.006497	10
0.006498	10
0.006499	10
0.006500	10
0.006502	10
0.006503	10
0.006504	10
0.006505	10
0.006507	10
0.006509	10
0.006510	10
0.006511	10
0.006514	10
0.006515	10
0.006516	10
0.006517	10
0.006519	10
0.006520	10
0.006521	10
0.006522	10
0.006524	10
0.006526	10
0.006527	10
0.006528	10
0.006530	10
0.006531	10
0.006532	10
0.006533	10
0.006535	10
0.006536	10
0.006537	10
0.006539	10
0.006540	10
0.006542	10
0.006543	10
0.006544	10
0.006546	10
0.006547	10
0.006548	10
0.006549	10
0.006551	10
0.006552	10
0.006553	10
0.006554	10
0.006556	10
0.006558	10
0.006559	10
0.006560	10
0.006562	10
0.006563	10
0.006564	10
0.006565	10
0.006567	10
0.006568	10
0.006570	10
0.006571	10
0.006573	10
0.006574	10
0.006575	10
0.006576	10
0.006578	10
0.006579	10
0.006580	10
0.006581	10
0.006583	10
0.006584	10
0.006586	10
0.006587	10
0.006589	10
0.006591	10
0.006592	10
0.006593	10
0.006595	10
0.006596	10
0.006597	10
0.006598	10
0.006600	10
0.006601	10
0.006602	10
0.006603	10
0.006605	10
0.006606	10
0.006608	10
0.006609	10
0.006611	10
0.006612	10
0.006623	10
0.006625	10
0.006628	10
0.006629	10
0.006630	10
0.006631	10
0.006633	10
0.006635	10
0.006636	10
0.006637	10
0.006639	10
0.006640	10
0.006641	10
0.006642	10
0.006644	10
0.006646	10
0.006647	10
0.006648	10
0.006650	10
0.006651	10
0.006652	10
0.006653	10
0.006655	10
0.006657	10
0.006658	10
0.006659	10
0.006661	10
0.006662	10
0.006663	10
0.006664	10
0.006666	10
0.006668	10
0.006669	10
0.006670	10
0.006672	10
0.006673	10
0.006674	10
0.006675	10
0.006678	10
0.006679	10
0.006681	10
0.006682	10
0.006684	10
0.006685	10
0.006686	10
0.006687	10
0.006689	10
0.006690	10
0.006691	10
0.006692	10
0.006694	10
0.006696	10
0.006697	10
0.006698	10
0.006700	10
0.006701	10
0.006702	10
0.006703	10
0.006705	10
0.006706	10
0.006707	10
0.006708	10
0.006710	10
0.006712	10
0.006713	10
0.006714	10
0.006716	10
0.006717	10
0.006718	10
0.006719	10
0.006721	10
0.006722	10
0.006723	10
0.006725	10
0.006727	10
0.006728	10
0.006729	10
0.006730	10
0.006732	10
0.006733	10
0.006734	10
0.006735	10
0.006737	10
0.006739	10
0.006740	10
0.006741	10
0.006743	10
0.006744	10
0.006745	10
0.006746	10
0.006748	10
0.006749	10
0.006750	10
0.006751	10
0.006754	10
0.006756	10
0.006757	10
0.006758	10
0.006760	10
0.006761	10
0.006762	10
0.006763	10
0.006765	10
0.006766	10
0.006767	10
0.006769	10
0.006770	10
0.006772	10
0.006773	10
0.006774	10
0.006776	10
0.006777	10
0.006778	10
0.006779	10
0.006781	10
0.006782	10
0.006783	10
0.006785	10
0.006787	10
0.006788	10
0.006789	10
0.006790	10
0.006792	10
0.006793	10
0.006794	10
0.006795	10
0.006797	10
0.006799	10
0.006800	10
0.006801	10
0.006803	10
0.006804	10
0.006805	10
0.006806	10
0.006808	10
0.006809	10
0.006811	10
0.006812	10
0.006814	10
0.006815	10
0.006816	10
0.006817	10
0.006819	10
0.006820	10
0.006821	10
0.006822	10
0.006824	10
0.006826	10
0.006827	10
0.006828	10
0.006831	10
0.006832	10
0.006833	10
0.006834	10
0.006836	10
0.006837	10
0.006838	10
0.006839	10
0.006841	10
0.006842	10
0.006844	10
0.006845	10
0.006847	10
0.006848	10
0.006849	10
0.006850	10
0.006852	10
0.006853	10
0.006854	10
0.006855	10
0.006857	10
0.006858	10
0.006859	10
0.006861	10
0.006862	10
0.006864	10
0.006865	10
0.006866	10
0.006868	10
0.006869	10
0.006870	10
0.006871	10
0.006873	10
0.006874	10
0.006875	10
0.006876	10
0.006878	10
0.006879	10
0.006880	10
0.006882	10
0.006884	10
0.006885	10
0.006886	10
0.006887	10
0.006889	10
0.006890	10
0.006891	10
0.006892	10
0.006894	10
0.006895	10
0.006896	10
0.006897	10
0.006899	10
0.006901	10
0.006902	10
0.006903	10
0.006906	10
0.006907	10
0.006908	10
0.006909	10
0.006911	10
0.006913	10
0.006914	10
0.006915	10
0.006917	10
0.006918	10
0.006919	10
0.006920	10
0.006922	10
0.006924	10
0.006925	10
0.006926	10
0.006928	10
0.006929	10
0.006930	10
0.006931	10
0.006933	10
0.006934	10
0.006935	10
0.006936	10
0.006938	10
0.006940	10
0.006941	10
0.006942	10
0.006944	10
0.006945	10
0.006946	10
0.006947	10
0.006949	10
0.006950	10
0.006952	10
0.006953	10
0.006955	10
0.006956	10
0.006957	10
0.006958	10
0.006960	10
0.006961	10
0.006962	10
0.006964	10
0.006966	10
0.006967	10
0.006968	10
0.006969	10
0.006971	10
0.006972	10
0.006973	10
0.006974	10
0.006976	10
0.006977	10
0.006979	10
0.006980	10
0.006982	10
0.006984	10
0.006985	10
0.006986	10
0.006988	10
0.006989	10
0.006990	10
0.006991	10
0.006993	10
0.006994	10
0.006995	10
0.006996	10
0.006998	10
0.007000	10
0.007001	10
0.007002	10
0.007004	10
0.007005	10
0.007006	10
0.007007	10
0.007009	10
0.007011	10
0.007012	10
0.007013	10
0.007015	10
0.007016	10
0.007017	10
0.007018	10
0.007020	10
0.007021	10
0.007022	10
0.007023	10
0.007025	10
0.007027	10
0.007028	10
0.007029	10
0.007031	10
0.007032	10
0.007033	10
0.007034	10
0.007036	10
0.007037	10
0.007038	10
0.007039	10
0.007041	10
0.007043	10
0.007044	10
0.007045	10
0.007047	10
0.007048	10
0.007049	10
0.007050	10
0.007052	10
0.007054	10
0.007055	10
0.007056	10
0.007059	10
0.007060	10
0.007061	10
0.007062	10
0.007064	10
0.007065	10
0.007066	10
0.007067	10
0.007069	10
0.007071	10
0.007072	10
0.007073	10
0.007075	10
0.007076	10
0.007077	10
0.007078	10
0.007080	10
0.007081	10
0.007083	10
0.007084	10
0.007086	10
0.007087	10
0.007088